%         Fbus         Tbus     R          X                    Y
x=[            1            2            0    0.0026667            0; %Gen 1 stepup x-former
            3            4            0    0.0032432            0; %Gen 2 stepup x-former
            5            6            0    0.0032432            0; %Gen 3 stepup x-former
            9           10            0        0.006            0; %Gen 4 stepup x-former
           12           13            0        0.003            0; %Gen 5 stepup x-former
           14           15            0         0.01            0; %Gen 6 stepup x-former
           17           18            0    0.0014458            0; %Gen 7 stepup x-former
           19           20            0    0.0033333            0; %Gen 8 stepup x-former
           22           20            0    0.0097561            0; %Gen 9 stepup x-former
           23           24            0       0.0024            0; %Gen 10 stepup x-former
           25           24            0        0.004            0; %Gen 11 stepup x-former
           27           28            0         0.04            0; %Gen 12 stepup x-former
           30           31            0    0.0066667            0; %Gen 13 stepup x-former
           32           33            0    0.0052174            0; %Gen 14 stepup x-former
           34           35            0     0.018462            0; %Gen 15 stepup x-former
           37           38            0        0.004            0; %Gen 16 stepup x-former 1
           37           90            0        0.004            0; %Gen 16 stepup x-former 2
           39           44            0       0.0048            0; %Gen 17 stepup x-former
           41           42            0    0.0011538            0; %Gen 18 stepup x-former
           45           46            0    0.0034286            0; %Gen 19 stepup x-former
           47          115            0    0.0046154            0; %Gen 20 stepup x-former
           48           49            0   0.00067416            0; %Gen 21 stepup x-former
           51           52            0       0.0048            0; %Gen 22 stepup x-former
           53           54            0    0.0034286            0; %Gen 23 stepup x-former
           58           57            0      0.00375            0; %Gen 24 stepup x-former
           59           57            0    0.0023077            0; %Gen 25 stepup x-former
           60           61            0    0.0025532            0; %Gen 26 stepup x-former
           62           63            0    0.0010619            0; %Gen 27 stepup x-former
           65           66            0       0.0012            0; %Gen 28 stepup x-former
           68           69            0    0.0011429            0; %Gen 29 stepup x-former
           71           72            0    0.0012371            0; %Gen 30 stepup x-former
           74           75            0        0.005            0; %Gen 31 stepup x-former
           76           77            0    0.0054545            0; %Gen 32 stepup x-former
          107          108            0         0.01            0; %Gen 33 stepup x-former
          118          119            0   0.00092308            0; %Gen 34 stepup x-former
            8            7            0      0.00125            0; %Load bus 8 x-former
           11           10            0    0.0016667            0; %Load bus 11 x-former
           16           15            0       0.0025            0; %Load bus 16 x-former
           21           20            0         0.01            0; %Load bus 21 x-former
           26           24            0         0.02            0; %Load bus 26 x-former
           29           28            0    0.0057143            0; %Load bus 29 x-former
           36           35            0         0.01            0; %Load bus 36 x-former
           43           44            0   0.00043103            0; %Load bus 43 x-former
           50           49            0   0.00076923            0; %Load bus 50 x-former
           55           54            0     0.002439            0; %Load bus 55 x-former
           56           57            0      0.00125            0; %Load bus 56 x-former
           64           63            0   0.00074627            0; %Load bus 64 x-former
           95           67            0    0.0033333            0; %Load bus 95 x-former
           70           69            0    0.0015385            0; %Load bus 70 x-former
           73           72            0    0.0011111            0; %Load bus 73 x-former
           78           77            0    0.0033333            0; %Load bus 78 x-former
          109          108            0        0.005            0; %Load bus 109 x-former
          112          113            0   0.00064516            0; %Load bus 112 x-former
          120          119            0    0.0010753            0]; %Load bus 120 x-former
